c0: 5131.73
c1: 5.51369e+09
cov00: 30246.8
cov01: -4.5513e+08
cov11: 4.61581e+13
sumsq: 1.74118e+13
