c0: 1219.82
c1: 4.48006e+09
cov00: 655.431
cov01: -2.94497e+08
cov11: 1.29873e+15
sumsq: 2.59571e+11
