c0: 1179.87
c1: 9.98389e+09
cov00: 12767.4
cov01: -3.58102e+08
cov11: 6.1306e+13
sumsq: 7.21618e+12
