c0: 12543.9
c1: 6.45915e+09
cov00: 165360
cov01: -3.10947e+09
cov11: 4.27748e+14
sumsq: 9.64958e+13
