c0: 1051.35
c1: 9.93579e+09
cov00: 11112.1
cov01: -3.10092e+08
cov11: 5.27148e+13
sumsq: 6.27818e+12
